5.566037322934686
5.55124239523256
5.440846858961165
5.542385297946012
5.502916357845203
5.54399912580863
1.993254660686414
5.43577889595099
5.502511934771964
5.456452667236771
5.522554102871815
5.459626259773069
5.445143697064684
5.505551708583536
5.447596304358855
5.416144457114083
5.48335621304641
5.490849606916859
5.39894465295434
5.379742616638174
5.39620048225406
5.405253299676319
5.38524290115453
5.293731417155899
5.3364278657629125
5.359601438218367
5.40396009898605
5.406456716147233
5.317511182300062
5.307238003086685
5.316235579569659
5.312314680782883
5.26831413694795
5.233074291053745
5.258681187422499
5.192281094675733
5.200526869453232
5.127623265896387
5.175794047418447
5.094552106896027
5.004208265559178
5.070188799848639
5.015868106541176
5.105779329403412
5.1298516754961305
5.439038546997957
5.630569664000622
5.793468766652857
5.845757440260284
5.764487874640616
5.887995190560232
6.034009694649726
