0.021875000000000006
0.021875000000000006
0.021875000000000006
0.021875000000000006
0.021875000000000006
0.021875000000000006
0.021875000000000006
0.021875000000000006
0.021875000000000006
0.021875000000000006
0.021875000000000006
0.021875000000000006
0.021875000000000006
0.021875000000000006
0.021875000000000006
0.021875000000000006
0.021875000000000006
0.021875000000000006
0.021875000000000006
0.021875000000000006
0.021875000000000006
0.021875000000000006
0.021875000000000006
0.021875000000000006
0.021875000000000006
0.021875000000000006
0.021875000000000006
0.021875000000000006
0.021875000000000006
0.021875000000000006
0.021875000000000006
