-1.2276226101995807e-05
-1.248982132493767e-05
0.0011662240164258411
-1.2481617464729569e-05
-1.2399508802901308e-05
-1.229881247468636e-05
-1.2469584225189253e-05
-1.255422805918347e-05
-1.236076736220054e-05
-1.2350687008063513e-05
-1.2370960006360971e-05
-1.2331785623182914e-05
0.001109306963574178
-1.239667982748615e-05
-1.2452718600011404e-05
-1.2332770674389878e-05
-1.2414809870798855e-05
-1.2333931099853874e-05
-1.2290935419331958e-05
-1.2336346560662268e-05
-1.2320198886591441e-05
-1.2332219889506946e-05
-1.2287475518638823e-05
-1.2353855326149168e-05
-1.2413486317421298e-05
0.38844535491944643
-1.2426405224255155e-05
-1.2289004289278665e-05
-1.2332041354712411e-05
0.0005399983533944797
-1.2402606630554391e-05
-1.237798704602372e-05
-1.2293453576608438e-05
-1.231205544649602e-05
-1.2362406428575475e-05
-1.2090409031686774e-05
-1.2238345462365256e-05
-1.215130800837983e-05
-1.2138335609459026e-05
0.3884451574129699
-1.215232722447076e-05
-1.2257027163340582e-05
-1.2239075338735932e-05
-1.2080026505813196e-05
-1.2070626998231537e-05
-1.2151148173473404e-05
-1.2191784455089668e-05
-1.2247310578836391e-05
-1.2234560150034884e-05
-1.2133297006520844e-05
-1.2146392723298917e-05
-1.2031269562861941e-05
-1.228271224532814e-05
0.11534838705445354
-1.2228112066357681e-05
-1.2064905497031289e-05
-1.2139820832408249e-05
-1.2022908743260002e-05
-1.1957762197491622e-05
-1.2033284320662627e-05
-1.2171988195855525e-05
-1.2024460535375054e-05
-1.2251703381839823e-05
-1.1973631208172606e-05
-1.1914090725439116e-05
-1.2062512465335206e-05
-1.2164003119657723e-05
0.0005401979471932958
-1.1978553796503311e-05
-1.2013506060280974e-05
0.19432582986452976
0.0005401896406335326
-1.203685554561685e-05
-1.1924882063182289e-05
-1.1997780832635844e-05
-1.2003342319334693e-05
-1.2074131153233156e-05
-1.1906773589529407e-05
-1.2018332674557475e-05
-1.1996608395016193e-05
-1.2130493738315207e-05
-1.2018106274227136e-05
-1.1961688795107837e-05
0.012320642969883971
-1.2066618210917927e-05
-1.1970714928808043e-05
-1.1971450616243315e-05
-1.1862074647181178e-05
-1.1895311642273242e-05
0.0005402267505879301
-1.2018855875063554e-05
0.024458301885079404
-1.203871082654415e-05
-1.1888903957557376e-05
0.0005402883520755203
-1.1983552306917142e-05
-1.1793231882662293e-05
-1.185935155715344e-05
-1.2020763749508624e-05
-1.1867621136708135e-05
-1.1867486365661946e-05
-1.191775849265984e-05
-1.1933360019743197e-05
-1.1893099412309244e-05
