0.9925999417938272
0.9925999417938272
0.9925999417938272
0.9925999417938272
0.9925999417938272
0.9925999417938272
0.9925999417938272
0.9925999417938272
0.9925999417938272
0.9925999417938272
0.9925999417938272
0.9925999417938272
0.9925999417938272
0.9925999417938272
0.9925999417938272
0.9925999417938272
0.9925999417938272
0.9925999417938272
0.9925999417938272
0.9925999417938272
0.9925999417938272
0.9925999417938272
0.9925999417938272
0.9925999417938272
0.9925999417938272
0.9925999417938272
0.9925999417938272
0.9925999417938272
0.9925999417938272
0.9925999417938272
0.9925999417938272
