7.889326689495117e-08
7.889326689495117e-08
7.889326689495117e-08
7.889326689495117e-08
7.889326689495117e-08
7.889326689495117e-08
7.889326689495117e-08
7.889326689495117e-08
7.889326689495117e-08
7.889326689495117e-08
7.889326689495117e-08
7.889326689495117e-08
7.889326689495117e-08
7.889326689495117e-08
7.889326689495117e-08
7.889326689495117e-08
7.889326689495117e-08
7.889326689495117e-08
7.889326689495117e-08
7.889326689495117e-08
7.889326689495117e-08
7.889326689495117e-08
7.889326689495117e-08
7.889326689495117e-08
7.889326689495117e-08
7.889326689495117e-08
7.889326689495117e-08
7.889326689495117e-08
7.889326689495117e-08
7.889326689495117e-08
7.889326689495117e-08
