,3.9024113082564244e-08
,3.9024113082564244e-08
,3.9024113082564244e-08
,3.9024113082564244e-08
,3.9024113082564244e-08
,3.9024113082564244e-08
,3.9024113082564244e-08
,3.9024113082564244e-08
,3.9024113082564244e-08
,3.9024113082564244e-08
,3.9024113082564244e-08
,3.9024113082564244e-08
,3.9024113082564244e-08
,3.9024113082564244e-08
,3.9024113082564244e-08
,3.9024113082564244e-08
,3.9024113082564244e-08
,3.9024113082564244e-08
,3.9024113082564244e-08
,3.9024113082564244e-08
,3.9024113082564244e-08
,3.9024113082564244e-08
,3.9024113082564244e-08
,3.9024113082564244e-08
,3.9024113082564244e-08
,3.9024113082564244e-08
,3.9024113082564244e-08
,3.9024113082564244e-08
,3.9024113082564244e-08
,3.9024113082564244e-08
,3.9024113082564244e-08
