Début de la prise de température
26.14
26.17
26.14
26.14
26.17
26.17
26.17
26.14
26.17
26.17
26.14
26.14
26.14
26.14
26.17
26.17
26.14
26.14
26.17
26.17
26.14
26.17
26.17
26.14
26.17
26.17
26.21
26.17
26.21
26.17
26.17
26.17
26.17
26.17
26.17
26.21
26.21
26.21
26.21
26.21
26.21
26.21
26.21
26.21
26.21
26.21
26.21
26.21
26.24
26.24
26.24
26.24
26.24
26.28
26.24
26.24
26.28
26.24
26.28
26.28
26.28
26.31
26.31
26.31
26.34
26.31
26.34
26.34
26.34
26.38
26.38
26.41
26.38
26.41
26.44
26.44
26.44
26.44
26.51
26.51
26.51
26.51
26.55
26.58
26.58
26.61
26.61
26.61
26.68
26.65
26.72
26.68
26.75
26.75
26.78
26.82
26.82
26.85
26.88
26.95
26.92
26.99
26.99
27.02
27.05
27.09
27.12
27.16
27.16
27.19
27.22
27.29
27.29
27.33
27.39
27.43
27.43
27.49
27.53
27.56
27.56
27.63
27.66
27.70
27.77
27.77
27.83
27.83
27.90
27.93
27.97
28.00
28.07
28.10
28.17
28.21
28.24
28.27
28.31
28.37
28.41
28.48
28.51
28.58
28.58
28.61
28.71
28.71
28.78
28.81
28.88
28.92
28.95
29.02
29.05
29.09
29.15
29.19
29.26
29.29
29.32
29.39
29.46
29.49
29.56
29.56
29.66
29.70
29.73
29.80
29.86
29.86
29.93
30.00
30.03
30.10
30.14
30.20
30.24
30.31
30.34
30.37
30.44
30.47
30.54
30.61
30.64
30.68
30.75
30.81
30.81
30.91
30.95
31.02
31.08
31.12
31.15
31.22
31.25
31.32
31.39
31.39
31.46
31.52
31.56
31.59
31.66
31.76
31.80
31.83
31.90
31.93
31.97
32.03
32.07
32.14
32.17
32.24
32.30
32.34
32.41
32.44
32.51
32.58
32.61
32.68
32.71
32.81
32.85
32.91
32.95
33.02
33.08
33.12
33.19
33.25
33.29
33.32
33.42
33.46
33.49
33.56
33.63
33.66
33.73
33.76
33.86
33.90
33.93
34.00
34.03
34.10
34.17
34.20
34.27
34.31
34.37
34.44
34.51
34.54
34.61
34.71
34.71
34.81
34.85
34.88
34.98
34.98
35.05
35.12
35.15
35.22
35.26
35.32
35.36
35.42
35.49
35.53
35.59
35.63
35.70
35.76
35.83
35.83
35.93
35.97
36.04
36.07
36.17
36.17
36.24
36.34
36.38
36.41
36.48
36.51
36.58
36.65
36.71
36.78
36.82
36.92
36.95
36.99
37.05
37.09
37.16
37.22
37.26
37.33
37.39
37.43
37.53
37.53
37.60
37.63
37.70
37.77
37.80
37.87
37.90
38.00
38.07
38.11
38.14
38.21
38.24
38.31
38.34
38.41
38.48
38.51
38.62
38.65
38.68
38.75
38.79
38.89
38.92
38.96
38.99
39.02
39.09
39.13
39.19
39.26
39.33
39.40
39.40
39.47
39.50
39.53
39.60
39.63
39.67
39.74
39.84
39.84
39.87
39.94
39.97
40.01
40.11
40.11
40.18
40.25
40.28
40.35
40.38
40.42
40.45
40.48
40.55
40.59
40.65
40.69
40.76
40.79
40.82
40.86
40.93
40.96
40.99
41.06
41.10
41.16
41.20
41.23
41.30
41.37
41.40
41.44
41.50
41.54
41.57
41.61
41.67
41.71
41.78
41.81
41.88
41.91
41.91
41.98
42.05
42.08
42.12
42.18
42.22
42.25
42.32
42.35
42.39
42.46
42.49
42.56
42.59
42.59
42.66
42.73
42.76
42.80
42.83
42.86
42.93
43.00
43.03
43.07
43.14
43.17
43.24
43.24
43.34
43.34
43.41
43.48
43.48
43.54
43.58
43.58
43.65
43.71
43.75
43.78
43.85
43.88
43.92
43.95
44.02
44.05
44.09
44.12
44.19
44.22
44.26
44.29
44.36
44.43
44.46
44.50
44.53
44.60
44.63
44.67
44.70
44.77
44.80
44.84
44.91
44.91
45.01
45.01
45.08
45.11
45.18
45.18
45.25
45.25
45.31
45.38
45.42
45.45
45.52
45.52
45.55
45.62
45.69
45.69
45.72
45.79
45.82
45.86
45.89
45.93
45.99
46.03
46.06
46.06
46.13
46.20
46.27
46.27
46.30
46.33
46.40
46.40
46.47
46.50
46.57
46.61
46.67
46.67
46.71
46.74
46.81
46.85
46.88
46.91
46.98
47.02
47.05
47.08
47.12
47.19
47.19
47.25
47.25
47.29
47.39
47.42
47.42
47.49
47.53
47.53
47.59
47.63
47.70
47.70
47.76
47.80
47.83
47.87
47.90
47.93
47.97
48.04
48.07
48.11
48.14
48.17
48.21
48.28
48.31
48.34
48.34
48.41
48.45
48.51
48.55
48.58
48.58
48.65
48.68
48.72
48.75
48.82
48.82
48.89
48.89
48.96
48.99
49.02
49.06
49.09
49.13
49.16
49.20
49.23
49.30
49.33
49.33
49.40
49.40
49.47
49.50
49.57
49.57
49.64
49.67
49.71
49.74
49.81
49.84
49.88
49.91
49.94
49.98
50.01
50.08