,24.85
,24.82
,24.82
,24.82
,24.85
,24.82
,24.85
,24.85
,24.82
,24.82
,24.82
,24.82
,24.82
,24.82
,24.85
,24.85
,24.82
,24.82
,24.82
,24.82
,24.82
,24.79
,24.82
,24.82
,24.82
,24.82
,24.85
,24.82
,24.82
,24.79
,24.82
,24.82
,24.82
,24.82
,24.85
,24.82
,24.85
,24.82
,24.85
,24.82
,24.82
,24.82
,24.82
,24.82
,24.79
,24.82
,24.82
,24.82
,24.82
,24.82
,24.82
,24.82
,24.82
,24.85
,24.79
,24.82
,24.82
,24.82
,24.82
,24.82
,24.79
,24.82
,24.79
,24.85
,24.82
,24.82
,24.82
,24.82
,24.82
,24.82
,24.82
,24.82
,24.82
,24.82
,24.82
,24.85
,24.82
,24.82
,24.82
,24.85
,24.82
,24.85
,24.85
,24.82
,24.82
,24.85
,24.85
,24.82
,24.85
,24.82
,24.85
,24.85
,24.85
,24.85
,24.85
,24.85
,24.85
,24.89
,24.85
,24.85
,24.85
,24.85
,24.89
,24.89
,24.85
,24.85
,24.85
,24.89
,24.89
,24.89
,24.89
,24.92
,24.89
,24.92
,24.89
,24.92
,24.92
,24.92
,24.92
,24.92
,24.92
,24.92
,24.96
,24.92
,24.96
,24.96
,24.96
,24.96
,24.96
,24.96
,24.96
,24.99
,24.99
,24.99
,24.99
,24.99
,24.99
,25.02
,25.02
,24.99
,25.02
,25.02
,25.06
,25.06
,25.02
,25.06
,25.06
,25.06
,25.06
,25.06
,25.09
,25.09
,25.09
,25.13
,25.13
,25.13
,25.13
,25.16
,25.16
,25.16
,25.16
,25.19
,25.19
,25.19
,25.19
,25.23
,25.23
,25.23
,25.26
,25.23
,25.29
,25.26
,25.29
,25.29
,25.29
,25.33
,25.33
,25.36
,25.33
,25.40
,25.40
,25.40
,25.40
,25.40
,25.40
,25.43
,25.43
,25.46
,25.46
,25.46
,25.50
,25.50
,25.50
,25.50
,25.53
,25.57
,25.57
,25.57
,25.60
,25.60
,25.63
,25.63
,25.67
,25.67
,25.63
,25.67
,25.70
,25.70
,25.70
,25.73
,25.73
,25.77
,25.77
,25.80
,25.80
,25.80
,25.84
,25.87
,25.87
,25.90
,25.90
,25.94
,25.94
,25.94
,25.97
,25.97
,26.01
,26.01
,26.04
,26.04
,26.07
,26.07
,26.07
,26.11
,26.11
,26.14
,26.17
,26.17
,26.21
,26.21
,26.21
,26.24
,26.24
,26.28
,26.28
,26.31
,26.31
,26.34
,26.38
,26.38
,26.38
,26.41
,26.44
,26.44
,26.48
,26.48
,26.51
,26.51
,26.55
,26.55
,26.58
,26.61
,26.61
,26.65
,26.65
,26.68
,26.68
,26.72
,26.72
,26.75
,26.75
,26.78
,26.82
,26.82
,26.85
,26.85
,26.85
,26.88
,26.88
,26.92
,26.95
,26.95
,26.99
,27.02
,27.02
,27.02
,27.05
,27.09
,27.12
,27.12
,27.16
,27.16
,27.19
,27.22
,27.26
,27.26
,27.26
,27.33
,27.33
,27.33
,27.39
,27.39
,27.39
,27.43
,27.46
,27.49
,27.49
,27.53
,27.53
,27.56
,27.60
,27.63
,27.63
,27.66
,27.66
,27.70
,27.70
,27.77
,27.77
,27.77
,27.80
,27.83
,27.87
,27.87
,27.93
,27.93
,27.97
,27.97
,28.00
,28.00
,28.07
,28.04
,28.10
,28.10
,28.17
,28.17
,28.17
,28.17
,28.24
,28.27
,28.27
,28.31
,28.34
,28.34
,28.41
,28.41
,28.44
,28.44
,28.48
,28.51
,28.54
,28.54
,28.54
,28.61
,28.61
,28.65
,28.68
,28.68
,28.71
,28.75
,28.75
,28.78
,28.81
,28.81
,28.85
,28.88
,28.92
,28.92
,28.95
,28.95
,28.98
,29.02
,29.09
,29.09
,29.09
,29.09
,29.12
,29.19
,29.19
,29.26
,29.22
,29.26
,29.29
,29.29
,29.32
,29.36
,29.36
,29.42
,29.42
,29.46
,29.46
,29.53
,29.56
,29.56
,29.56
,29.59
,29.63
,29.66
,29.66
,29.70
,29.70
,29.73
,29.76
,29.80
,29.83
,29.83
,29.86
,29.86
,29.93
,29.93
,29.97
,30.00
,30.00
,30.07
,30.03
,30.07
,30.10
,30.14
,30.14
,30.17
,30.20
,30.24
,30.24
,30.31
,30.31
,30.34
,30.37
,30.37
,30.44
,30.44
,30.44
,30.47
,30.47
,30.54
,30.54
,30.58
,30.61
,30.61
,30.64
,30.68
,30.68
,30.71
,30.75
,30.78
,30.81
,30.81
,30.81
,30.88
,30.88
,30.88
,30.95
,30.95
,30.95
,31.02
,31.05
,31.05
,31.08
,31.08
,31.12
,31.15
,31.15
,31.19
,31.22
,31.25
,31.25
,31.29
,31.29
,31.36
,31.36
,31.39
,31.42
,31.46
,31.46
,31.49
,31.52
,31.52
,31.56
,31.59
,31.63
,31.63
,31.69
,31.66
,31.73
,31.73
,31.76
,31.80
,31.83
,31.83
,31.86
,31.90
,31.90
,31.93
,31.93
,31.97
,32.00
,32.03
,32.07
,32.10
,32.10
,32.14
,32.14
,32.17
,32.20
,32.24
,32.27
,32.24
,32.27
,32.30
,32.30
,32.37
,32.37
,32.41
,32.41
,32.47
,32.51
,32.51
,32.54
,32.54
,32.58
,32.61
,32.64
,32.64
,32.71
,32.71
,32.71
,32.75
,32.78
,32.81
,32.81
,32.88
,32.88
,32.91
,32.95
,32.95
,32.98
,33.02
,33.05
,33.08
,33.08
,33.12
,33.15
,33.15
,33.22
,33.22
,33.22
,33.29
,33.25
,33.29
,33.32
,33.36
,33.36
,33.39
,33.42
,33.46
,33.49
,33.49
,33.53
,33.56
,33.56
,33.59
,33.63
,33.63
,33.66
,33.69
,33.69
,33.73
,33.76
,33.80
,33.83
,33.86
,33.86
,33.90
,33.90
,33.93
,33.97
,33.97
,34.00
,34.03
,34.03
,34.03
,34.07
,34.10
,34.14
,34.17
,34.17
,34.17
,34.24
,34.24
,34.27
,34.27
,34.31
,34.34
,34.37
,34.37
,34.41
,34.41
,34.44
,34.47
,34.51
,34.51
,34.54
,34.54
,34.58
,34.61
,34.64
,34.68
,34.68
,34.68
,34.71
,34.75
,34.75
,34.78
,34.81
,34.85
,34.85
,34.88
,34.88
,34.92
,34.92
,34.95
,34.98
,34.98
,35.02
,35.05
,35.05
,35.09
,35.09
,35.12
,35.12
,35.15
,35.15
,35.19
,35.22
,35.22
,35.26
,35.29
,35.32
,35.32
,35.32
,35.36
,35.39
,35.39
,35.42
,35.46
,35.46
,35.49
,35.49
,35.49
,35.56
,35.56
,35.59
,35.59
,35.63
,35.63
,35.66
,35.70
,35.70
,35.73
,35.76
,35.76
,35.80
,35.80
,35.83
,35.87
,35.87
,35.90
,35.90
,35.93
,35.97
,36.00
,35.97
,36.00
,36.04
,36.07
,36.07
,36.07
,36.10
,36.10
,36.14
,36.17
,36.17
,36.21
,36.24
,36.24
,36.27
,36.27
,36.27
,36.34
,36.34
,36.34
,36.38
,36.38
,36.41
,36.44
,36.44
,36.48
,36.48
,36.51
,36.48
,36.51
,36.54
,36.58
,36.61
,36.61
,36.65
,36.61
,36.68
,36.71
,36.71
,36.71
,36.71
,36.78
,36.78
,36.78
,36.82
,36.85
,36.85
,36.88
,36.88
,36.92
,36.92
,36.95
,36.95
,36.99
,37.02
,37.02
,37.02
,37.05
,37.05
,37.09
,37.09
,37.12
,37.12
,37.16
,37.16
,37.19
,37.22
,37.22
,37.22
,37.26
,37.29
,37.26
,37.33
,37.33
,37.36
,37.36
,37.36
,37.39
,37.39
,37.43
,37.50
,37.46
,37.53
,37.50
,37.50
,37.56
,37.56
,37.56
,37.60
,37.63
,37.63
,37.70
,37.66
,37.70
,37.70
,37.77
,37.73
,37.80
,37.80
,37.80
,37.83
,37.83
,37.87
,37.87
,37.90
,37.94
,37.90
,37.97
,38.00
,37.97
,38.04
,38.00
,38.04
,38.07
,38.11
,38.07
,38.14
,38.14
,38.14
,38.17
,38.17
,38.21
,38.24
,38.24
,38.24
,38.24
,38.28
,38.31
,38.31
,38.34
,38.34
,38.38
,38.41
,38.38
,38.41
,38.45
,38.45
,38.48
,38.48
,38.51
,38.51
,38.55
,38.51
,38.58
,38.58
,38.62
,38.58
,38.65
,38.65
,38.68
,38.68
,38.72
,38.72
,38.75
,38.75
,38.75
,38.79
,38.82
,38.82
,38.82
,38.85
,38.85
,38.89
,38.89
,38.92
,38.96
,38.96
,38.96
,38.99
,39.02
,39.02
,39.02
,39.02
,39.06
,39.06
,39.06
,39.09
,39.13
,39.16
,39.13
,39.19
,39.19
,39.19
,39.23
,39.23
,39.26
,39.26
,39.26
,39.30
,39.33
,39.30
,39.33
,39.36
,39.36
,39.36
,39.43
,39.43
,39.43
,39.47
,39.47
,39.47
,39.47
,39.47
,39.50
,39.53
,39.53
,39.57
,39.60
,39.57
,39.60
,39.60
,39.63
,39.63
,39.63
,39.67
,39.70
,39.70
,39.74
,39.74
,39.74
,39.77
,39.77
,39.80
,39.80
,39.84
,39.84
,39.87
,39.87
,39.87
,39.91
,39.91
,39.94
,39.94
,39.94
,39.97
,40.01
,39.97
,40.04
,40.01
,40.04
,40.08
,40.08
,40.11
,40.11
,40.14
,40.14
,40.14
,40.18
,40.18
,40.21
,40.21
,40.21
,40.25
,40.25
,40.25
,40.28
,40.28
,40.31
,40.35
,40.35
,40.35
,40.38
,40.42
,40.42
,40.42
,40.42
,40.45
,40.48
,40.48
,40.52
,40.52
,40.52
,40.55
,40.52
,40.55
,40.59
,40.59
,40.62
,40.62
,40.62
,40.65
,40.69
,40.69
,40.69
,40.72
,40.72
,40.76
,40.76
,40.76
,40.76
,40.79
,40.82
,40.86
,40.86
,40.89
,40.89
,40.89
,40.93
,40.93
,40.93
,40.96
,40.96
,40.99
,40.99
,40.99
,40.99
,41.03
,41.06
,41.06
,41.10
,41.06
,41.10
,41.13
,41.13
,41.13
,41.16
,41.16
,41.16
,41.16
,41.20
,41.23
,41.23
,41.27
,41.27
,41.27
,41.30
,41.30
,41.30
,41.33
,41.37
,41.37
,41.37
,41.40
,41.40
,41.40
,41.44
,41.44
,41.44
,41.47
,41.50
,41.50
,41.50
,41.50
,41.54
,41.54
,41.57
,41.57
,41.61
,41.57
,41.61
,41.61
,41.64
,41.64
,41.67
,41.67
,41.71
,41.71
,41.74
,41.74
,41.74
,41.74
,41.74
,41.78
,41.78
,41.81
,41.81
,41.81
,41.84
,41.84
,41.84
,41.88
,41.88
,41.88
,41.91
,41.91
,41.95
,41.95
,41.98
,41.95
,41.95
,41.98
,41.98
,42.05
,42.01
,42.05
,42.05
,42.08
,42.08
,42.08
,42.08
,42.12
,42.15
,42.12
,42.12
,42.18
,42.18
,42.18
,42.18
,42.22
,42.22
,42.25
,42.22
,42.25
,42.29
,42.29
,42.29
,42.32
,42.32
,42.32
,42.32
,42.35
,42.35
,42.39
,42.42
,42.39
,42.42
,42.42
,42.42
,42.46
,42.46
,42.49
,42.46
,42.52
,42.49
,42.52
,42.52
,42.52
,42.56
,42.59
,42.63
,42.59
,42.59
,42.63
,42.63
,42.66
,42.66
,42.69
,42.69
,42.69
,42.73
,42.73
,42.73
,42.76
,42.80
,42.80
,42.80
,42.83
,42.83
,42.83
,42.86
,42.86
,42.90
,42.90
,42.90
,42.93
,42.93
,42.97
,42.97
,42.97
,43.00
,43.00
,43.00
,43.07
,43.07
,43.07
,43.07
,43.10
,43.10
,43.14
,43.17
,43.14
,43.17
,43.17
,43.20
,43.20
,43.24
,43.27
,43.24
,43.27
,43.27
,43.31
,43.31
,43.34
,43.34
,43.34
,43.37
,43.37
,43.37
,43.41
,43.44
,43.44
,43.44
,43.48
,43.51
,43.51
,43.51
,43.54
,43.54
,43.54
,43.58
,43.61
,43.61
,43.61
,43.65
,43.65
,43.65
,43.68
,43.68
,43.68
,43.71
,43.71
,43.75
,43.75
,43.75
,43.78
,43.78
,43.82
,43.85
,43.85
,43.85
,43.88
,43.88
,43.88
,43.92
,43.92
,43.95
,43.95
,43.99
,43.99
,43.99
,44.02
,44.02
,44.02
,44.05
,44.05
,44.09
,44.09
,44.09
,44.12
,44.12
,44.16
,44.16
,44.19
,44.19
,44.19
,44.22
,44.22
,44.22
,44.26
,44.26
,44.26
,44.29
,44.29
,44.33
,44.29
,44.36
,44.33
,44.36
,44.36
,44.39
,44.43
,44.43
,44.43
,44.43
,44.46
,44.50
,44.50
,44.53
,44.50
,44.53
,44.56
,44.56
,44.56
,44.63
,44.56
,44.60
,44.60
,44.63
,44.67
,44.67
,44.67
,44.67
,44.67
,44.70
,44.70
,44.73
,44.73
,44.77
,44.77
,44.80
,44.80
,44.80
,44.80
,44.84
,44.84
,44.87
,44.87
,44.87
,44.91
,44.94
,44.91
,44.91
,44.94
,44.94
,44.97
,44.97
,45.01
,45.01
,45.04
,45.01
,45.04
,45.08
,45.04
,45.08
,45.11
,45.14
,45.11
,45.14
,45.14
,45.18
,45.18
,45.18
,45.18
,45.21
,45.21
,45.25
,45.25
,45.25
,45.28
,45.28
,45.28
,45.28
,45.31
,45.35
,45.35
,45.35
,45.35
,45.38
,45.42
,45.42
,45.38
,45.42
,45.45
,45.45
,45.45
,45.45
,45.48
,45.48
,45.48
,45.52
,45.52
,45.55
,45.55
,45.59
,45.59
,45.59
,45.59
,45.62
,45.62
,45.62
,45.65
,45.65
,45.65
,45.69
,45.69
,45.72
,45.72
,45.72
,45.76
,45.76
,45.76
,45.79
,45.79
,45.79
,45.82
,45.82
,45.82
,45.86
,45.86
,45.86
,45.89
,45.89
,45.89
,45.93
,45.96
,45.96
,45.96
,45.99
,45.96
,45.99
,45.99
,45.99
,46.03
,46.03
,46.06
,46.03
,46.06
,46.06
,46.10
,46.10
,46.13
,46.13
,46.16
,46.16
,46.16
,46.20
,46.16
,46.20
,46.20
,46.20
,46.23
,46.27
,46.27
,46.30
,46.27
,46.27
,46.30
,46.30
,46.33
,46.33
,46.33
,46.33
,46.33
,46.37
,46.37
,46.37
,46.40
,46.40
,46.44
,46.40
,46.40
,46.44
,46.47
,46.47
,46.50
,46.47
,46.47
,46.47
,46.50
,46.50
,46.54
,46.54
,46.57
,46.57
,46.57
,46.57
,46.61
,46.61
,46.61
,46.64
,46.61
,46.67
,46.64
,46.67
,46.67
,46.67
,46.71
,46.71
,46.71
,46.71
,46.74
,46.74
,46.74
,46.78
,46.74
,46.78
,46.78
,46.81
,46.78
,46.81
,46.81
,46.85
,46.85
,46.85
,46.85
,46.88
,46.88
,46.88
,46.91
,46.88
,46.91
,46.95
,46.91
,46.95
,46.95
,46.98
,46.95
,46.98
,46.98
,46.98
,47.02
,47.02
,47.02
,47.02
,47.05
,47.08
,47.05
,47.08
,47.08
,47.08
,47.08
,47.12
,47.12
,47.15
,47.15
,47.12
,47.19
,47.19
,47.19
,47.19
,47.19
,47.22
,47.22
,47.22
,47.22
,47.25
,47.25
,47.25
,47.25
,47.29
,47.29
,47.32
,47.29
,47.32
,47.32
,47.32
,47.32
,47.32
,47.36
,47.36
,47.36
,47.39
,47.39
,47.39
,47.42
,47.42
,47.42
,47.42
,47.46
,47.46
,47.46
,47.46
,47.46
,47.49
,47.49
,47.53
,47.53
,47.53
,47.56
,47.56
,47.56
,47.56
,47.56
,47.59
,47.59
,47.59
,47.59
,47.63
,47.63
,47.66
,47.70
,47.66
,47.66
,47.70
,47.66
,47.70
,47.70
,47.73
,47.70
,47.73
,47.73
,47.76
,47.76
,47.76
,47.76
,47.80
,47.80
,47.80
,47.80
,47.80
,47.83
,47.87
,47.87
,47.83
,47.87
,47.90
,47.90
,47.90
,47.90
,47.90
,47.93
,47.93
,47.93
,47.97
,47.97
,47.97
,48.00
,48.00
,48.00
,48.04
,48.00
,48.04
,48.04
,48.07
,48.07
,48.07
,48.07
,48.07
,48.11
,48.11
,48.11
,48.11
,48.14
,48.14
,48.17
,48.17
,48.17
,48.17
,48.21
,48.21
,48.21
,48.21
,48.24
,48.21
,48.24
,48.28
,48.24
,48.28
,48.28
,48.28
,48.31
,48.31
,48.34
,48.34
,48.34
,48.34
,48.34
,48.38
,48.38
,48.38
,48.41
,48.38
,48.41
,48.41
,48.45
,48.45
,48.45
,48.45
,48.45
,48.48
,48.48
,48.51
,48.51
,48.51
,48.51
,48.55
,48.55
,48.55
,48.55
,48.55
,48.58
,48.58
,48.62
,48.62
,48.65
,48.65
,48.62
,48.65
,48.68
,48.65
,48.68
,48.68
,48.68
,48.68
,48.72
,48.72
,48.72
,48.72
,48.75
,48.75
,48.75
,48.79
,48.79
,48.79
,48.79
,48.79
,48.82
,48.82
,48.82
,48.85
,48.85
,48.89
,48.85
,48.89
,48.92
,48.89
,48.92
,48.92
,48.92
,48.96
,48.96
,48.96
,48.96
,48.99
,48.99
,48.99
,49.02
,49.02
,49.02
,49.02
,49.02
,49.06
,49.06
,49.06
,49.06
,49.09
,49.09
,49.13
,49.13
,49.09
,49.13
,49.13
,49.16
,49.13
,49.16
,49.20
,49.16
,49.20
,49.23
,49.20
,49.23
,49.23
,49.23
,49.26
,49.26
,49.26
,49.26
,49.26
,49.30
,49.30
,49.30
,49.33
,49.33
,49.30
,49.33
,49.37
,49.37
,49.40
,49.37
,49.37
,49.40
,49.40
,49.40
,49.40
,49.43
,49.40
,49.43
,49.47
,49.47
,49.47
,49.50
,49.50
,49.50
,49.54
,49.54
,49.50
,49.54
,49.54
,49.57
,49.57
,49.57
,49.60
,49.57
,49.60
,49.60
,49.64
,49.64
,49.64
,49.64
,49.67
,49.64
,49.67
,49.67
,49.67
,49.71
,49.71
,49.67
,49.71
,49.71
,49.74
,49.74
,49.74
,49.74
,49.77
,49.77
,49.81
,49.81
,49.77
,49.81
,49.81
,49.84
,49.84
,49.84
,49.84
,49.88
,49.84
,49.88
,49.88
,49.88
,49.91
,49.91
,49.91
,49.94
,49.91
,49.94
,49.91
,49.94
,49.94
,49.98
,49.98
,49.98
,49.98
,49.98
,50.01
,50.01
,50.01
,50.05
