-----------yo----------
24
24.25
24.5
24.75
25.0
25.25
25.5
25.75
26.0
26.25
26.5
26.75
27.0
27.25
27.5
27.75
28.0
28.25
28.5
28.75
29.0
29.25
29.5
29.75
30.0
30.25
30.5
30.75
31.0
31.25
31.5
31.75
32.0
32.25
32.5
32.75
33.0
33.25
33.5
33.75
34.0
34.25
34.5
34.75
35.0
35.25
35.5
35.75
36.0
36.25
36.5
36.75
37.0
37.25
37.5
37.75
38.0
38.25
38.5
38.75
39.0
39.25
39.5
39.75
40.0
40.25
40.5
40.75
41.0
41.25
41.5
41.75
42.0
42.25
42.5
42.75
43.0
43.25
43.5
43.75
44.0
44.25
44.5
44.75
45.0
45.25
45.5
45.75
46.0
46.25
46.5
46.75
47.0
47.25
47.5
47.75
48.0
48.25
48.5
48.75
49.0
49.25
49.5
49.75
50.0
